beta = 
[[2. 0. 0.]
 [2. 0. 0.]
 [0. 0. 2.]
 [0. 0. 2.]]
Cost = 0.6038

beta = 
[[2. 0. 0.]
 [0. 0. 2.]
 [2. 0. 0.]
 [0. 0. 2.]]
Cost = 0.8038

beta = 
[[2. 0. 0.]
 [0. 0. 2.]
 [0. 0. 2.]
 [2. 0. 0.]]
Cost = 0.9038

beta = 
[[0. 0. 2.]
 [2. 0. 0.]
 [2. 0. 0.]
 [0. 0. 2.]]
Cost = 0.9038

beta = 
[[0. 0. 2.]
 [2. 0. 0.]
 [0. 0. 2.]
 [2. 0. 0.]]
Cost = 0.8038

beta = 
[[0. 0. 2.]
 [0. 0. 2.]
 [2. 0. 0.]
 [2. 0. 0.]]
Cost = 0.2538


Best solution is:
beta = 
[[0. 0. 2.]
 [0. 0. 2.]
 [2. 0. 0.]
 [2. 0. 0.]]
Cost = 0.2538

