radio,mcc,net,area,cell,unit,lon,lat,range,samples,changeable,created,updated,averageSignal
GSM,212,1,102,11512,0,7.4233245849609,43.691940307617,1000,1,1,1388309396,1388309396,0
UMTS,212,10,12603,278355,0,7.428772,43.742807,1000,10,1,1461681662,1547774695,0
LTE,212,10,12603,4237,0,7.424915,43.739716,1000,19,1,1458931131,1492073955,0
LTE,212,10,12603,15254,0,7.427392,43.739847,1000,26,1,1458931131,1488899342,0
LTE,212,10,12603,6258,0,7.421188,43.732529,1000,9,1,1458931131,1489166296,0
LTE,212,10,12603,6517,0,7.4233245849609,43.730392456055,1000,1,1,1447521290,1447521290,0
LTE,212,10,12603,7545,0,7.424583,43.736687,1000,12,1,1458931131,1489166296,0
LTE,212,10,12603,4252,0,7.456969,43.751451,2958,6,1,1458931131,1485760243,0
LTE,212,10,12603,6259,0,7.416458,43.736572,1000,2,1,1458931131,1489166296,0
LTE,212,10,12603,4238,0,7.425673,43.737168,1000,7,1,1458931131,1539005065,0
LTE,212,10,12603,14227,0,7.410965,43.727921,1000,5,1,1458931131,1490509544,0
LTE,212,10,12603,4239,0,7.422981,43.738632,1000,4,1,1458931131,1480778451,0
LTE,212,10,12603,6516,0,7.4233245849609,43.737258911133,1000,1,1,1455026172,1455026172,0
LTE,212,10,12603,3730,0,7.419548,43.728676,1003,4,1,1458931131,1489050072,0
LTE,212,10,12603,2971,0,7.455543,43.74636,2805,9,1,1458931131,1539032673,0
LTE,212,10,12603,2919,0,7.421097,43.734985,1000,7,1,1458931131,1539004845,0
LTE,212,10,12603,6257,0,7.439057,43.744639,2836,25,1,1458931131,1539011033,0
UMTS,212,10,12603,278386,0,7.428183,43.739532,1000,4,1,1458967765,1555274572,0
UMTS,212,10,12603,26447816,0,7.4521636962891,43.760604858398,1000,1,1,1455026172,1455026172,0
UMTS,212,10,12603,274866,0,7.430191,43.740692,1000,2,1,1458967765,1462279633,0
UMTS,212,10,12603,273186,0,7.429837,43.742956,1000,6,1,1458967765,1547774139,0
UMTS,212,10,12603,274466,0,7.4233245849609,43.733139038086,1000,5,1,1458967765,1490410154,0
UMTS,212,10,12603,274575,0,7.4823760986328,43.750991821289,1000,2,1,1458967765,1468211871,0
UMTS,212,10,12603,283363,0,7.4205780029297,43.734512329102,1000,1,1,1445676324,1445676324,0
UMTS,212,10,12603,274696,0,7.4054718017578,43.724899291992,1000,1,1,1450779846,1450779846,0
UMTS,212,10,12603,274886,0,7.4301910400391,43.74137878418,1000,2,1,1458967765,1462113861,0
UMTS,212,10,12603,273255,0,7.41893,43.735336,1000,5,1,1458967765,1483100719,0
UMTS,212,10,12603,273966,0,7.4233245849609,43.734512329102,1000,1,1,1439743939,1439743939,0
UMTS,212,10,12603,274566,0,7.421127,43.73204,1000,5,1,1458967765,1483698866,0
UMTS,212,10,12603,273585,0,7.4137115478516,43.730392456055,1000,2,1,1458967765,1475029662,0
UMTS,212,10,12603,274556,0,7.422226,43.731766,1000,5,1,1458967765,1483100719,0
UMTS,212,10,12603,273677,0,7.42424,43.738174,1000,3,1,1458967765,1469502512,0
UMTS,212,10,12603,274706,0,7.4082183837891,43.729019165039,1000,1,1,1450573391,1450573391,0
UMTS,212,10,12603,277685,0,7.4150848388672,43.729019165039,1000,2,1,1458967765,1461843852,0
UMTS,212,10,12603,274555,0,7.451476,43.745672,2552,8,1,1458967765,1476887083,0
UMTS,212,10,12603,274685,0,7.4274444580078,43.737258911133,1000,1,1,1446653065,1446653065,0
UMTS,212,10,12603,278366,0,7.427217,43.740232,1000,8,1,1458967765,1547818246,0
UMTS,212,10,12603,274856,0,7.430624,43.742994,1000,5,1,1458967765,1547721579,0
LTE,212,10,12603,15253,0,7.437973,43.743576,2287,15,1,1459317991,1488899342,0
LTE,212,10,12603,6028,0,7.458341,43.744127,1873,2,1,1460289918,1477481489,0
LTE,212,10,12603,7030,0,7.455596,43.750993,1497,2,1,1460289918,1487165198,0
LTE,212,10,12603,10106,0,7.461777,43.755798,1000,4,1,1460289918,1490869958,0
LTE,212,10,12603,7065,0,7.470932,43.750992,1000,3,1,1460289918,1489166296,0
UMTS,212,10,12603,273976,0,7.4260711669922,43.730392456055,1000,1,1,1462113855,1462113855,0
UMTS,212,10,12603,273776,0,7.4288177490234,43.733139038086,1000,1,1,1462113861,1462113861,0
UMTS,212,10,12603,273557,0,7.424698,43.729019,1000,2,1,1462136868,1479565066,0
UMTS,212,10,12603,275176,0,7.4260711669922,43.730392456055,1000,1,1,1462113855,1462113855,0
UMTS,212,10,12603,274456,0,7.425156,43.734055,1000,3,1,1462136868,1479185836,0
UMTS,212,10,12603,273567,0,7.4260711669922,43.730392456055,1000,1,1,1462279633,1462279633,0
UMTS,212,10,12603,278356,0,7.426092,43.740689,1000,8,1,1462325854,1547814087,0
LTE,212,10,12603,2921,0,7.420738,43.73676,1000,4,1,1462694856,1539004841,0
LTE,212,10,12603,5229,0,7.4178314208984,43.73176574707,1000,4,1,1462694856,1489166290,0
UMTS,212,10,12603,274585,0,7.432937,43.743302,1124,5,1,1463465226,1490410154,0
LTE,212,10,12603,2661,0,7.432251,43.748245,1000,2,1,1463581207,1468248735,0
UMTS,212,10,12603,262656,0,7.4219512939453,43.73176574707,1000,1,1,1463915887,1463915887,0
UMTS,212,10,12603,274075,0,7.4178314208984,43.73176574707,1000,1,1,1464131771,1464131771,0
UMTS,212,10,12603,262562,0,7.4219512939453,43.737258911133,1000,1,1,1464131771,1464131771,0
UMTS,212,10,12603,273967,0,7.429366,43.739311,1000,4,1,1464378857,1547774246,0
UMTS,212,10,12603,273987,0,7.430129,43.740236,1000,2,1,1464378857,1547774547,0
UMTS,212,10,12603,478776,0,7.4398040771484,43.756484985352,1000,1,1,1464131771,1464131771,0
UMTS,212,10,12603,262650,0,7.4219512939453,43.735885620117,1000,1,1,1464131771,1464131771,0
UMTS,212,10,12603,262362,0,7.4260711669922,43.737258911133,1000,1,1,1464135626,1464135626,0
UMTS,212,10,12603,273166,0,7.428819,43.740459,1000,6,1,1464411969,1547775213,0
UMTS,212,10,12603,278365,0,7.428168,43.741569,1000,8,1,1464411969,1547774461,0
UMTS,212,10,12603,273957,0,7.42938,43.739039,1000,4,1,1464416697,1547774551,0
UMTS,212,10,12603,273156,0,7.429476,43.741523,1000,3,1,1464416697,1547774849,0
UMTS,212,10,12603,262654,0,7.4233245849609,43.733139038086,1000,1,1,1464302550,1464302550,0
UMTS,212,10,12603,277565,0,7.419205,43.732452,1000,2,1,1464433661,1471282162,0
LTE,212,10,12603,16030,0,7.439112,43.747561,2415,2,1,1464437150,1474549483,0
UMTS,212,10,12603,262561,0,7.4219512939453,43.735885620117,1000,1,1,1464315672,1464315672,0
UMTS,212,10,12603,278375,0,7.429371,43.739611,1000,4,1,1464452217,1547940953,0
UMTS,212,10,12603,278385,0,7.428506,43.742181,1000,6,1,1464452217,1547774863,0
LTE,212,10,12603,10107,0,7.437057,43.748245,1000,2,1,1464834513,1468531192,0
UMTS,212,10,12603,274905,0,7.443466,43.753281,1000,3,1,1465286790,1490869953,0
UMTS,212,10,12603,273196,0,7.42889,43.742313,1000,5,1,1466711445,1548013206,0
UMTS,212,10,12603,274385,0,7.4301910400391,43.742752075195,1000,1,1,1466688300,1466688300,0
UMTS,212,10,12603,273977,0,7.429556,43.740707,1000,3,1,1466711445,1547774282,0
UMTS,212,10,12603,273805,0,7.4246978759766,43.738632202148,1000,1,1,1466930799,1466930799,0
UMTS,212,10,12603,279499,0,7.4260711669922,43.733139038086,1000,2,1,1467753625,1472225328,0
LTE,212,10,12603,16807,0,7.455597,43.751336,2159,4,1,1467913256,1487165198,0
UMTS,212,10,12603,274565,0,7.462364,43.749228,2366,7,1,1467913776,1476887083,0
UMTS,212,10,12603,273295,0,7.460789,43.745804,2862,5,1,1467913776,1539035740,0
UMTS,212,10,12603,279295,0,7.471731,43.74756,2809,4,1,1467913776,1476887083,0
LTE,212,10,12603,16547,0,7.4192047119141,43.726272583008,1000,1,1,1468334031,1468334031,0
UMTS,212,10,12603,276284,0,7.4150848388672,43.73176574707,1000,1,1,1468427632,1468427632,0
LTE,212,10,12603,4716,0,7.426008,43.737818,1000,2,1,1468552060,1538993157,0
LTE,212,10,12603,2662,0,7.429733,43.742752,1000,6,1,1468552060,1485362900,0
LTE,212,10,12603,7031,0,7.429131,43.740188,1000,6,1,1468552060,1539004185,0
UMTS,212,10,12603,279305,0,7.413024,43.727646,1000,2,1,1469128934,1473345853,0
LTE,212,10,12603,6027,0,7.424001,43.735433,1000,3,1,1469758549,1539018840,0
UMTS,212,10,12603,273176,0,7.429423,43.744328,1000,4,1,1469848044,1547774644,0
UMTS,212,10,12603,279055,0,7.4192047119141,43.726272583008,1000,1,1,1470115152,1470115152,0
UMTS,212,10,12603,277166,0,7.4150848388672,43.729019165039,1000,1,1,1470262489,1470262489,0
UMTS,212,10,12603,277668,0,7.4150848388672,43.729019165039,1000,1,1,1470262489,1470262489,0
UMTS,212,10,12603,277186,0,7.4150848388672,43.727645874023,1000,1,1,1470262489,1470262489,0
LTE,212,10,12603,7032,0,7.4343109130859,43.748245239258,1000,3,1,1470499828,1487165198,0
UMTS,212,10,12603,279266,0,7.4109649658203,43.730392456055,1000,1,1,1471172710,1471172710,0
UMTS,212,10,12603,279406,0,7.4356842041016,43.749618530273,1000,2,1,1471318968,1490410154,0
UMTS,212,10,12603,274486,0,7.4219512939453,43.733139038086,1000,1,1,1471282162,1471282162,0
UMTS,212,10,12603,273185,0,7.4315643310547,43.748245239258,1000,1,1,1471282162,1471282162,0
UMTS,212,10,12603,274095,0,7.4178314208984,43.73176574707,1000,2,1,1471318968,1474051034,0
UMTS,212,10,12603,274086,0,7.4178314208984,43.733139038086,1000,1,1,1471282162,1471282162,0
UMTS,212,10,12603,277555,0,7.4192047119141,43.733139038086,1000,2,1,1471318968,1476887083,0
UMTS,212,10,12603,273467,0,7.4233245849609,43.730392456055,1000,1,1,1471282162,1471282162,0
UMTS,212,10,12603,273309,0,7.4178314208984,43.733139038086,1000,1,1,1471511552,1471511552,0
UMTS,212,10,12603,279509,0,7.4164581298828,43.73176574707,1000,1,1,1472189951,1472189951,0
UMTS,212,10,12603,273667,0,7.424529,43.735204,1000,7,1,1472679162,1539020897,0
UMTS,212,10,12603,275155,0,7.424011,43.730392,1000,4,1,1472679162,1479185836,0
UMTS,212,10,12603,279498,0,7.4068450927734,43.726272583008,1000,2,1,1473393249,1482027811,0
UMTS,212,10,12603,273259,0,7.419205,43.736572,1000,2,1,1473904099,1476887083,0
UMTS,212,10,12603,273269,0,7.4192047119141,43.737258911133,1000,1,1,1473880664,1473880664,0
UMTS,212,10,12603,274496,0,7.421265,43.739319,1000,2,1,1473904099,1479185836,0
UMTS,212,10,12603,274567,0,7.4178314208984,43.74137878418,1000,1,1,1473880664,1473880664,0
UMTS,212,10,12603,273299,0,7.4205780029297,43.737258911133,1000,1,1,1473880664,1473880664,0
UMTS,212,10,12603,279195,0,7.4192047119141,43.74137878418,1000,1,1,1473880664,1473880664,0
LTE,212,10,561,2662,0,7.4288177490234,43.740005493164,1000,1,1,1474051039,1474051039,0
LTE,212,10,561,11393,0,7.4137115478516,43.73176574707,1000,1,1,1474051039,1474051039,0
LTE,212,10,561,6028,0,7.4233245849609,43.735885620117,1000,1,1,1474051039,1474051039,0
LTE,212,10,561,6027,0,7.4301910400391,43.740005493164,1000,1,1,1474051039,1474051039,0
LTE,212,10,561,16289,0,7.4013519287109,43.724899291992,1000,1,1,1474051039,1474051039,0
LTE,212,10,561,6258,0,7.4178314208984,43.730392456055,1000,1,1,1474051039,1474051039,0
LTE,212,10,561,4237,0,7.4246978759766,43.740005493164,1000,1,1,1474051039,1474051039,0
LTE,212,10,561,16031,0,7.4219512939453,43.734512329102,1000,1,1,1474051039,1474051039,0
LTE,212,10,561,4716,0,7.4301910400391,43.740005493164,1000,1,1,1474051039,1474051039,0
LTE,212,10,561,7545,0,7.4219512939453,43.735885620117,1000,1,1,1474051039,1474051039,0
LTE,212,10,561,15254,0,7.4274444580078,43.740005493164,1000,1,1,1474051039,1474051039,0
LTE,212,10,561,15253,0,7.4288177490234,43.740005493164,1000,1,1,1474051039,1474051039,0
LTE,212,10,561,16548,0,7.4137115478516,43.73176574707,1000,1,1,1474051039,1474051039,0
LTE,212,10,12603,16866,0,7.4384307861328,43.752365112305,1000,2,1,1474278456,1489166296,0
LTE,212,10,12603,7595,0,7.417831,43.739319,1000,2,1,1474278456,1490328950,0
UMTS,212,10,12603,274855,0,7.4384307861328,43.749618530273,1000,1,1,1474253304,1474253304,0
UMTS,212,10,12603,274895,0,7.437111,43.749917,1000,2,1,1474278929,1542189217,0
UMTS,212,10,12603,279357,0,7.4398040771484,43.750991821289,1000,1,1,1474253304,1474253304,0
LTE,212,10,12603,16031,0,7.4137115478516,43.73176574707,1000,1,1,1474549483,1474549483,0
LTE,212,10,12603,7100,0,7.426369,43.73378,1000,3,1,1474573590,1538999152,0
LTE,212,10,12603,2920,0,7.418339,43.735096,1000,3,1,1474573590,1539004990,0
LTE,212,10,12603,16079,0,7.413025,43.731766,1000,2,1,1474573590,1475807054,0
LTE,212,10,12603,7594,0,7.4178314208984,43.734512329102,1000,2,1,1474573590,1489166285,0
LTE,212,10,12603,16289,0,7.435958,43.737259,1628,5,1,1474573590,1490927767,0
LTE,212,10,12603,16314,0,7.413712,43.73085,1000,3,1,1474573590,1488269904,0
LTE,212,10,12603,16290,0,7.415085,43.731079,1000,2,1,1474573590,1479647690,0
LTE,212,10,12603,16548,0,7.4082183837891,43.729019165039,1000,1,1,1474549483,1474549483,0
LTE,212,10,12603,16080,0,7.4123382568359,43.73176574707,1000,1,1,1474549483,1474549483,0
UMTS,212,10,12603,273576,0,7.4123382568359,43.729019165039,1000,1,1,1475029662,1475029662,0
UMTS,212,10,12603,262750,0,7.4246978759766,43.737258911133,1000,1,1,1475061363,1475061363,0
UMTS,212,10,12603,262749,0,7.4219512939453,43.735885620117,1000,1,1,1475061363,1475061363,0
UMTS,212,10,12603,262547,0,7.4233245849609,43.733139038086,1000,1,1,1475061363,1475061363,0
LTE,212,10,12603,2998,0,7.4192047119141,43.733139038086,1000,1,1,1475807054,1475807054,0
LTE,212,10,12603,15298,0,7.426071,43.740921,1000,3,1,1476836181,1484758014,0
LTE,212,10,12603,4291,0,7.425589,43.740799,1000,3,1,1476836181,1547824281,0
UMTS,212,10,12603,282863,0,7.4178314208984,43.73176574707,1000,1,1,1476887083,1476887083,0
UMTS,212,10,12603,279255,0,7.420921,43.730049,1000,4,1,1476915883,1479647731,0
UMTS,212,10,12603,273756,0,7.4246978759766,43.733139038086,1000,2,1,1476915882,1490410154,0
UMTS,212,10,12603,279756,0,7.4260711669922,43.73176574707,1000,2,1,1476915883,1477486113,0
UMTS,212,10,12603,274055,0,7.4178314208984,43.733139038086,1000,2,1,1476915882,1477111707,0
UMTS,212,10,12603,274557,0,7.4219512939453,43.73176574707,1000,1,1,1476887083,1476887083,0
UMTS,212,10,12603,273456,0,7.4219512939453,43.730392456055,1000,2,1,1476915882,1479185836,0
UMTS,212,10,12603,273298,0,7.4192047119141,43.733139038086,1000,1,1,1476887083,1476887083,0
UMTS,212,10,12603,273455,0,7.421265,43.730392,1000,2,1,1477152538,1479185836,0
UMTS,212,10,12603,274476,0,7.4233245849609,43.733139038086,1000,1,1,1477364421,1477364421,0
LTE,212,10,12603,11393,0,7.418747,43.732224,1000,3,1,1477525214,1489166290,0
LTE,212,10,12603,16808,0,7.4343109130859,43.748245239258,1000,2,1,1477525214,1480778451,0
UMTS,212,10,12603,274906,0,7.429582,43.7413,1000,3,1,1477897613,1555277937,0
UMTS,212,10,12603,273986,0,7.4274444580078,43.73176574707,1000,1,1,1478239700,1478239700,0
LTE,212,10,12603,16288,0,7.421265,43.730392,1000,4,1,1478261245,1489166296,0
LTE,212,10,12603,15773,0,7.4233245849609,43.730392456055,1000,2,1,1478261245,1480778451,0
LTE,212,10,12603,4714,0,7.428131,43.733826,1000,2,1,1478242679,1478242679,0
LTE,212,10,12603,8169,0,7.4260711669922,43.74137878418,1000,3,1,1479157547,1484586998,0
UMTS,212,10,12603,273475,0,7.4219512939453,43.730392456055,1000,1,1,1479185836,1479185836,0
UMTS,212,10,12603,15632,0,7.4233245849609,43.730392456055,1000,1,1,1479185836,1479185836,0
UMTS,212,10,12603,273476,0,7.4219512939453,43.730392456055,1000,1,1,1479185836,1479185836,0
UMTS,212,10,12603,275165,0,7.4233245849609,43.730392456055,1000,1,1,1479185836,1479185836,0
UMTS,212,10,12603,273457,0,7.4260711669922,43.730392456055,1000,1,1,1479185836,1479185836,0
UMTS,212,10,12603,279657,0,7.4178314208984,43.724899291992,1000,1,1,1479489123,1479489123,0
UMTS,212,10,12603,279656,0,7.418518,43.726273,1000,2,1,1479586150,1479647731,0
UMTS,212,10,12603,279685,0,7.4205780029297,43.726272583008,1000,1,1,1479647731,1479647731,0
LTE,212,10,12603,3053,0,7.4192047119141,43.73176574707,1000,1,1,1480778451,1480778451,0
LTE,212,10,12603,2744,0,7.428282,43.739674,1000,2,1,1480799118,1539023257,0
LTE,212,10,12603,15822,0,7.424698,43.733139,1000,2,1,1480799118,1489166285,0
LTE,212,10,12603,4807,0,7.426122,43.741574,1000,3,1,1480799118,1538992180,0
LTE,212,10,12603,2873,0,7.424402,43.73406,1000,3,1,1480799118,1539017627,0
LTE,212,10,12603,8111,0,7.428131,43.742752,1000,2,1,1480799118,1489166296,0
GSM,212,10,5601,21923,0,7.4068450927734,43.726272583008,1000,1,1,1481772810,1481772810,0
GSM,212,10,12603,16383,0,7.4068450927734,43.726272583008,1000,1,1,1481772810,1481772810,0
LTE,212,10,12603,14228,0,7.4137115478516,43.727645874023,1000,2,1,1482336421,1488269904,0
LTE,212,10,12603,14289,0,7.4150848388672,43.729019165039,1000,2,1,1482336421,1489166296,0
LTE,212,10,12603,6349,0,7.415085,43.738174,1000,3,1,1482516519,1490328950,0
UMTS,212,10,12603,273258,0,7.4192047119141,43.733139038086,1000,1,1,1483100719,1483100719,0
LTE,212,10,12603,8113,0,7.426529,43.741379,1000,3,1,1484840965,1489581190,0
LTE,212,10,12603,6039,0,7.423324,43.748245,1000,2,1,1484883767,1490328950,0
LTE,212,10,12603,8114,0,7.424698,43.746414,1000,3,1,1484883767,1490328950,0
LTE,212,10,12603,2814,0,7.42913,43.749379,1000,2,1,1484799961,1555211834,0
LTE,212,10,12603,6968,0,7.431881,43.752089,1000,2,1,1485229878,1548076522,0
LTE,212,10,12603,6347,0,7.424167,43.739536,1000,4,1,1485312941,1547824766,0
UMTS,212,10,12603,273956,0,7.4288177490234,43.734512329102,1000,1,1,1485594060,1485594060,0
UMTS,212,10,12603,273755,0,7.4246978759766,43.738632202148,1000,1,1,1485815146,1485815146,0
LTE,212,10,12603,11654,0,7.4315643310547,43.744125366211,1000,1,1,1486957290,1486957290,0
LTE,212,10,12603,5182,0,7.4164581298828,43.730392456055,1000,1,1,1488269904,1488269904,0
LTE,212,10,12603,3798,0,7.4123382568359,43.727645874023,1000,2,1,1488420781,1489166296,0
LTE,212,10,12603,5231,0,7.4219512939453,43.726272583008,1000,1,1,1488269904,1488269904,0
UMTS,212,10,12603,273275,0,7.423931,43.736186,1000,3,1,1488689273,1539021020,0
UMTS,212,10,12603,273278,0,7.4192047119141,43.733139038086,1000,1,1,1488629086,1488629086,0
UMTS,212,10,12603,274576,0,7.4192047119141,43.733139038086,1000,1,1,1488629086,1488629086,0
UMTS,212,10,12603,279776,0,7.424574,43.740406,1000,2,1,1488689273,1538991667,0
LTE,212,10,12603,11475,0,7.4164581298828,43.730392456055,1000,1,1,1489166290,1489166290,0
LTE,212,10,12603,6348,0,7.4192047119141,43.734512329102,1000,1,1,1489166290,1489166290,0
LTE,212,10,12603,4806,0,7.4205780029297,43.737258911133,1000,1,1,1489166285,1489166285,0
LTE,212,10,12603,10208,0,7.4384307861328,43.748245239258,1000,1,1,1489166296,1489166296,0
LTE,212,10,12603,5320,0,7.412338,43.729019,1000,2,1,1489188323,1490927767,0
LTE,212,10,12603,5230,0,7.4178314208984,43.730392456055,1000,1,1,1489166285,1489166285,0
LTE,212,10,12603,16614,0,7.413025,43.728333,1000,2,1,1489188323,1490927767,0
LTE,212,10,12603,4293,0,7.4192047119141,43.737258911133,1000,1,1,1489166285,1489166285,0
LTE,212,10,12603,5322,0,7.4164581298828,43.73176574707,1000,1,1,1489166290,1489166290,0
LTE,212,10,12603,5321,0,7.4178314208984,43.730392456055,1000,1,1,1489166285,1489166285,0
LTE,212,10,12603,7643,0,7.4260711669922,43.74137878418,1000,1,1,1489581190,1489581190,0
LTE,212,10,12603,14316,0,7.4068450927734,43.726272583008,1000,1,1,1489581190,1489581190,0
LTE,212,10,12603,14144,0,7.430946,43.748137,1000,2,1,1490328950,1548076533,0
LTE,212,10,12603,7746,0,7.4150848388672,43.74137878418,1000,1,1,1490328950,1490328950,0
LTE,212,10,12603,10052,0,7.446847,43.756512,1355,2,1,1490328945,1548076489,0
LTE,212,10,12603,5181,0,7.4178314208984,43.742752075195,1000,1,1,1490328950,1490328950,0
UMTS,212,10,12603,279396,0,7.435684,43.749619,1000,2,1,1490432833,1490869953,0
UMTS,212,10,12603,273206,0,7.428307,43.743407,1000,2,1,1490869953,1548076013,0
LTE,212,10,12603,3729,0,7.4082183837891,43.727645874023,1000,1,1,1490927767,1490927767,0
LTE,212,10,12603,3728,0,7.4123382568359,43.730392456055,1000,1,1,1490927767,1490927767,0
LTE,212,10,12603,16549,0,7.4068450927734,43.724899291992,1000,1,1,1490927767,1490927767,0
UMTS,212,1,15100,76987,0,21.15954,42.648033,1000,1,1,1505410202,1505415228,0
UMTS,212,1,15100,76719,0,21.159492,42.648048,1000,1,1,1505410202,1505415229,0
UMTS,212,1,100,76719,0,21.159492,42.648048,1000,1,1,1505410203,1505415229,0
UMTS,212,1,15100,76558,0,21.159081,42.649252,1000,2,1,1493569371,1493569371,0
GSM,212,1,100,33091,-1,21.159569,42.648033,1000,1,1,1505410214,1505415256,0
UMTS,212,1,15100,76599,0,21.161402,42.660783,1000,3,1,1493636797,1493636797,0
LTE,212,1,30102,414722,0,21.457794,42.466881,1000,1,1,1505419053,1505421566,0
UMTS,212,1,208,2147483647,0,20.73938,42.47826,1000,1,1,1505490783,1505490844,0
UMTS,212,1,208,1580031533,0,20.765579,42.465519,1000,1,1,1505491600,1505491661,0
UMTS,212,1,208,1507940833,0,20.76561,42.465549,1000,1,1,1505496925,1505496989,0
GSM,212,1,107,29515,-1,20.718812,42.195565,1000,4,1,1493794760,1493794760,0
GSM,212,1,107,28015,-1,20.720391,42.199488,1183,17,1,1494761649,1494761649,0
UMTS,212,1,15205,0,0,20.278856,42.661296,1434,18,1,1494180660,1494180660,0
UMTS,212,1,15100,76849,0,21.152088,42.632465,1000,1,1,1505867212,1505867212,0
UMTS,212,1,15100,76937,0,21.127962,42.646408,1000,1,1,1505868679,1505868679,0
UMTS,212,1,15100,76738,0,21.164103,42.665627,1000,2,1,1494597453,1494597453,0
GSM,212,1,107,21985,-1,20.718289,42.199018,1000,7,1,1494780982,1494780982,0
UMTS,212,1,15100,77037,0,21.108805,42.587873,1000,9,1,1492540200,1494285116,0
LTE,212,1,30100,424961,0,21.108798,42.588126,1000,2,1,1492540200,1492540200,0
GSM,212,1,107,15085,-1,20.678266,42.27593,1525,4,1,1492540200,1492540200,0
GSM,212,1,106,22815,-1,20.42695,42.381165,1000,1,1,1492540200,1492540200,0
GSM,212,1,106,22985,-1,20.42695,42.381165,1000,1,1,1492540200,1492540200,0
GSM,212,1,106,38385,-1,20.427161,42.381382,1000,2,1,1492540200,1492540200,0
UMTS,212,1,104,362499,0,20.730301,42.215298,1000,1,1,1492540200,1492540200,0
UMTS,212,1,104,361218,0,20.730243,42.214809,1000,3,1,1492540200,1492540200,0
UMTS,212,1,104,361219,0,20.729719,42.214981,1000,1,1,1492540200,1492540200,0
UMTS,212,1,15100,76779,0,21.170811,42.665146,1000,1,1,1492540200,1492540200,0
UMTS,212,1,15100,76777,0,21.180291,42.663312,1897,4,1,1492540200,1494677069,0
UMTS,212,1,15100,76858,0,21.161464,42.659116,1317,3,1,1492540200,1494699511,0
GSM,212,1,107,21615,-1,20.744747,42.218266,1000,1,1,1492540200,1492540200,0
GSM,212,1,107,21685,-1,20.737727,42.21072,2024,3,1,1492540200,1492540200,0
GSM,212,1,107,23315,-1,20.746473,42.217491,1000,1,1,1492540200,1492540200,0
GSM,212,1,107,33915,-1,20.746473,42.217491,1000,1,1,1492540200,1492540200,0
GSM,212,1,107,14395,-1,20.744747,42.218266,1000,1,1,1492540200,1492540200,0
GSM,212,1,107,25015,-1,20.680307,42.263435,1000,1,1,1492540200,1492540200,0
GSM,212,1,107,19585,-1,20.681734,42.264069,1288,2,1,1492540200,1492540200,0
GSM,212,1,107,31485,-1,20.691026,42.253224,1000,2,1,1492540200,1492540200,0
GSM,212,1,106,28685,-1,20.603328,42.331017,1286,2,1,1492540200,1492540200,0
GSM,212,1,106,36885,-1,20.630864,42.317925,1450,2,1,1492540200,1492540200,0
GSM,212,1,106,26085,-1,20.617874,42.326752,1000,1,1,1492540200,1492540200,0
GSM,212,1,107,17785,-1,20.658758,42.299155,1651,2,1,1492540200,1492540200,0
GSM,212,1,107,22015,-1,20.727091,42.223274,1000,1,1,1492540200,1492540200,0
UMTS,212,1,15100,76567,0,21.169321,42.66441,1000,1,1,1492540200,1492540200,0
LTE,212,1,30100,765442,0,21.104303,42.641811,1000,1,1,1492540200,1492540200,0
UMTS,212,1,15205,145083,0,20.292887,42.662289,1000,1,1,1492540200,1492540200,0
UMTS,212,1,15205,144581,0,20.292887,42.662289,1000,1,1,1492540200,1492540200,0
UMTS,212,1,15100,76728,0,21.160936,42.665882,1000,1,1,1492540200,1492540200,0
GSM,212,1,102,35811,-1,21.10896,42.586645,1000,2,1,1492540200,1494605469,0
UMTS,212,1,15100,77841,0,21.158422,42.647491,1000,1,1,1492540200,1492540200,0
UMTS,212,1,15100,76928,0,21.108868,42.588131,1000,1,1,1493767633,1493767633,0
GSM,212,1,107,19185,-1,20.719017,42.195881,1000,1,1,1493748535,1493748535,0
GSM,212,1,107,24215,-1,20.73101,42.205296,1000,1,1,1493716761,1493716761,0
LTE,212,1,30100,765440,0,21.106491,42.641575,1000,1,1,1493737201,1493737201,0
LTE,212,1,30100,358400,0,21.104156,42.641452,1000,12,1,1493739767,1493749526,0
LTE,212,1,30100,609282,0,21.140598,42.65073,2520,3,1,1493736333,1493736884,0
LTE,212,1,30100,558080,0,21.164663,42.658287,1000,1,1,1493735975,1493735975,0
LTE,212,1,30100,358402,0,21.163452,42.644764,1000,1,1,1493801679,1493801679,0
UMTS,212,1,15100,76747,0,21.16485,42.661907,1000,1,1,1493735777,1493735777,0
GSM,212,1,100,21510,-1,21.142588,42.64769,1000,1,1,1493808750,1493808750,0
GSM,212,1,107,33715,-1,20.719934,42.201488,1000,1,1,1493809414,1493809414,0
GSM,212,1,107,24195,-1,20.733992,42.209686,1000,1,1,1494071059,1494071059,0
GSM,212,1,107,19085,-1,20.718602,42.201365,1000,3,1,1494079407,1494775274,0
GSM,212,1,107,31585,-1,20.731152,42.204861,1000,1,1,1494072668,1494072668,0
GSM,212,1,100,31580,-1,21.163292,42.662464,1000,1,1,1493992161,1493992161,0
GSM,212,1,100,30590,-1,21.164291,42.672401,1000,1,1,1493966330,1493966330,0
GSM,212,1,107,23395,-1,20.731836,42.214687,1000,1,1,1494601798,1494601798,0
GSM,212,1,107,13815,-1,20.734644,42.214958,1000,1,1,1494588348,1494588348,0
LTE,212,1,30100,670722,0,21.176121,42.661343,1000,1,1,1494566397,1494566397,0
LTE,212,1,30100,614400,0,21.161123,42.663651,1000,1,1,1494628656,1494628656,0
UMTS,212,1,15100,78925,0,21.162754,42.664104,1000,1,1,1494679604,1494679604,0
UMTS,212,1,15100,77009,0,21.169479,42.666576,1000,1,1,1494701247,1494701247,0
GSM,212,1,107,14215,-1,20.745213,42.212931,1000,2,1,1494661934,1494661934,0
LTE,212,1,30100,665602,0,21.160099,42.655289,1000,1,1,1494654034,1494654034,0
GSM,212,1,205,34016,-1,20.307627,42.671459,1000,2,1,1494764452,1494773428,0
UMTS,212,1,15100,76647,0,21.16131,42.660469,1000,1,1,1494684233,1494684233,0
LTE,212,1,30100,650241,0,21.167597,42.646343,1000,1,1,1494594914,1494594914,0
GSM,212,1,107,14515,-1,20.740789,42.208923,1000,1,1,1494749282,1494749282,0
GSM,212,1,107,24515,-1,20.737995,42.206936,1000,1,1,1494746665,1494746665,0
LTE,212,1,30100,675840,0,21.162428,42.648182,1000,1,1,1494651638,1494651638,0
UMTS,212,1,15208,145274,0,20.892112,42.628103,1922,10,1,1505286056,1505317070,0
UMTS,212,1,15208,145264,0,20.900292,42.617152,1000,14,1,1505299340,1505329668,0
UMTS,212,1,15208,145253,0,21.069574,42.612911,1000,1,1,1505331373,1505331373,0
UMTS,212,1,15208,145265,0,20.89833,42.620943,1000,3,1,1505317240,1505324579,0
GSM,212,1,208,25909,-1,20.905552,42.594175,3145,3,1,1505331542,1505331579,0
GSM,212,1,208,15609,-1,21.069574,42.612911,1000,1,1,1505331453,1505331453,0
GSM,212,1,208,30516,-1,20.904719,42.614202,4121,19,1,1505302176,1505331736,0
UMTS,212,1,15208,145263,0,20.89669,42.625277,1000,4,1,1505332082,1505332383,0
GSM,212,1,300,20697,-1,20.913683,42.587448,1000,1,1,1505330265,1505330265,0
UMTS,212,1,15208,145255,0,20.907728,42.595885,1057,2,1,1505330082,1505330168,0
GSM,212,1,208,20516,-1,20.910155,42.59607,3088,3,1,1505329876,1505331626,0
UMTS,212,1,15300,274448,0,21.01365,42.60229,8348,4,1,1505330288,1505331001,0
GSM,212,1,208,20296,-1,20.906104,42.605692,3207,3,1,1505331888,1505331888,0
GSM,212,1,208,35609,-1,20.901772,42.604321,1000,1,1,1505330061,1505330061,0
GSM,212,1,208,10296,-1,20.897312,42.624504,1000,1,1,1505331926,1505331926,0
UMTS,212,1,15107,201890,0,20.740914,42.220879,1000,15,1,1505454321,1505490842,0
UMTS,212,1,15107,201849,0,20.736806,42.219149,1000,12,1,1505495402,1505538163,0
UMTS,212,1,15107,201910,0,20.741131,42.219889,1000,5,1,1505454008,1505538918,0
GSM,212,1,107,23615,-1,20.740599,42.220905,1000,1,1,1505461238,1505461238,0
UMTS,212,1,15107,201949,0,20.740442,42.220295,1000,4,1,1505478025,1505485298,0
UMTS,212,1,15107,201969,0,20.743059,42.218166,1000,1,1,1505469802,1505469802,0
GSM,212,1,300,24297,-1,21.1667,42.635373,1000,22,1,1506167225,1506189347,0
GSM,212,1,300,24997,-1,21.163693,42.645509,1352,7,1,1506156942,1506178855,0
GSM,212,1,300,13397,-1,21.167154,42.634884,1000,1,1,1506189495,1506189495,0
UMTS,212,1,15300,275736,0,21.165297,42.636162,1000,1,1,1506189331,1506189331,0
GSM,212,1,300,38797,-1,21.166048,42.635891,1000,1,1,1506162684,1506162684,0
UMTS,212,1,15300,275686,0,21.165297,42.636162,1000,1,1,1506189306,1506189306,0
GSM,212,1,300,23897,-1,21.166048,42.635891,1000,1,1,1506162913,1506162913,0
UMTS,212,1,15204,143496,0,21.218425,42.889287,8078,83,1,1506195385,1506209119,0
UMTS,212,1,15204,143527,0,21.217624,42.890304,2752,42,1,1506201786,1506203118,0
UMTS,212,1,15204,177429,0,21.214987,42.883474,6632,9,1,1506166674,1506202934,0
GSM,212,1,204,17394,-1,21.190355,42.854096,4780,2,1,1506169544,1506193880,0
GSM,212,1,102,34612,-1,21.223835,42.875708,3773,3,1,1506192092,1506192546,0
GSM,212,1,204,17514,-1,21.216569,42.890111,1000,8,1,1506176920,1506192493,0
UMTS,212,1,15204,148494,0,21.216684,42.89427,2312,6,1,1506189077,1506201985,0
GSM,212,1,204,26014,-1,21.216501,42.890118,1000,2,1,1506193853,1506193853,0
GSM,212,1,204,14014,-1,21.217439,42.890938,1208,7,1,1506184868,1506196178,0
GSM,212,1,204,16114,-1,21.201803,42.960911,1000,1,1,1506194222,1506194222,0
UMTS,212,1,15102,82977,0,21.228298,42.867005,2740,2,1,1506191485,1506191567,0
GSM,212,1,102,15712,-1,21.216501,42.890118,1000,1,1,1506192509,1506192509,0
UMTS,212,1,15300,273265,0,21.155493,42.658535,1000,1,1,1512986893,1512986893,0
GSM,212,1,15300,36297,-1,21.155251,42.658466,1000,1,1,1512988516,1512988516,0
UMTS,212,1,15300,273257,0,21.155251,42.658466,1000,1,1,1512988556,1512988556,0
UMTS,212,1,15300,275886,0,21.155251,42.658466,1000,1,1,1512988643,1512988643,0
GSM,212,1,100,22610,-1,21.155251,42.658466,1000,1,1,1512988648,1512988648,0
GSM,212,1,300,20097,-1,21.155251,42.658466,1000,1,1,1512988708,1512988708,0
UMTS,212,1,15300,273297,0,21.155918,42.658112,1000,1,1,1512990096,1512990096,0
UMTS,212,1,15300,275885,0,21.155142,42.658211,1000,1,1,1513020756,1513020756,0
GSM,212,1,204,30494,-1,20.863419,42.90733,1000,1,1,1530160847,1530160847,0
GSM,212,1,204,20494,-1,20.863419,42.90733,1000,1,1,1530160847,1530160847,0
GSM,212,1,204,12414,-1,20.863419,42.90733,1000,1,1,1530160847,1530160847,0
GSM,212,1,204,32484,-1,20.863419,42.90733,1000,1,1,1530160847,1530160847,0
GSM,212,1,204,11494,-1,20.863419,42.90733,1000,1,1,1530160847,1530160847,0
GSM,212,1,204,31494,-1,20.863419,42.90733,1000,1,1,1530160847,1530160847,0
GSM,212,1,204,21114,-1,20.993465,42.804006,1795,2,1,1530162320,1530162639,0
GSM,212,1,204,31184,-1,20.982016,42.817795,1000,1,1,1530162320,1530162320,0
GSM,212,1,204,37814,-1,21.004908,42.790215,1000,1,1,1530162639,1530162639,0
GSM,212,1,204,10714,-1,21.004908,42.790215,1000,1,1,1530162639,1530162639,0
GSM,212,1,204,20814,-1,21.004908,42.790215,1000,1,1,1530162639,1530162639,0
GSM,212,1,204,35814,-1,21.004908,42.790215,1000,1,1,1530162639,1530162639,0
GSM,212,1,204,17814,-1,21.004908,42.790215,1000,1,1,1530162639,1530162639,0
GSM,212,1,204,10784,-1,21.004908,42.790215,1000,1,1,1530162639,1530162639,0
GSM,212,1,204,14114,-1,21.004908,42.790215,1000,1,1,1530162639,1530162639,0
GSM,212,1,300,33097,-1,21.083315,42.619453,1000,5,1,1530164235,1530179028,0
GSM,212,1,300,32087,-1,21.083011,42.619831,1000,6,1,1530164235,1530179164,0
GSM,212,1,300,22197,-1,21.083257,42.619757,1000,7,1,1530164235,1530179164,0
GSM,212,1,300,33087,-1,21.083588,42.619521,1000,3,1,1530164235,1530174371,0
GSM,212,1,300,22597,-1,21.081142,42.61982,1000,1,1,1530164235,1530164235,0
GSM,212,1,300,23087,-1,21.081142,42.61982,1000,1,1,1530164235,1530164235,0
GSM,212,1,300,23587,-1,21.081142,42.61982,1000,1,1,1530164235,1530164235,0
GSM,212,1,300,33297,-1,21.081948,42.619442,1000,3,1,1530164235,1530179028,0
GSM,212,1,303,31097,-1,21.084086,42.619824,1000,5,1,1530164383,1530179164,0
GSM,212,1,303,31087,-1,21.08442,42.619309,1000,4,1,1530164383,1530174371,0
GSM,212,1,300,32097,-1,21.084366,42.619297,1000,3,1,1530164383,1530174371,0
GSM,212,1,300,23097,-1,21.082351,42.619253,1000,2,1,1530164383,1530179028,0
GSM,212,1,303,10997,-1,21.083853,42.619345,1000,4,1,1530165446,1530179028,0
GSM,212,1,300,22097,-1,21.084729,42.61934,1000,3,1,1530165446,1530174371,0
GSM,212,1,300,31487,-1,21.08489,42.619427,1000,1,1,1530174059,1530174059,0
GSM,212,1,300,31497,-1,21.081226,42.619358,1000,1,1,1530179028,1530179028,0
GSM,212,1,300,24387,-1,21.081226,42.619358,1000,1,1,1530179028,1530179028,0
GSM,212,1,208,13509,-1,20.827122,42.548901,1000,1,1,1530180261,1530180261,0
GSM,212,1,208,12209,-1,20.827122,42.548901,1000,1,1,1530180261,1530180261,0
GSM,212,1,208,24189,-1,20.70698,42.454755,14373,16,1,1530180261,1530464416,0
GSM,212,1,208,14109,-1,20.827122,42.548901,1000,1,1,1530180261,1530180261,0
GSM,212,1,208,15109,-1,20.827122,42.548901,1000,1,1,1530180261,1530180261,0
GSM,212,1,106,17615,-1,20.754725,42.490323,8811,4,1,1530180261,1530292493,0
GSM,212,1,208,14189,-1,20.827122,42.548901,1000,1,1,1530180261,1530180261,0
GSM,212,1,208,22209,-1,20.701057,42.450563,6591,25,1,1530180748,1530496567,0
GSM,212,1,208,23409,-1,20.751705,42.496578,1000,1,1,1530180748,1530180748,0
GSM,212,1,106,47615,-1,20.710374,42.456036,5640,11,1,1530180748,1530496517,0
GSM,212,1,208,24109,-1,20.706087,42.454146,6022,11,1,1530180748,1530496567,0
GSM,212,1,208,23609,-1,20.738049,42.478858,2266,2,1,1530180748,1530376178,0
GSM,212,1,208,23509,-1,20.708369,42.455805,5761,8,1,1530180748,1530458689,0
GSM,212,1,208,13309,-1,20.751705,42.496578,1000,1,1,1530180748,1530180748,0
GSM,212,1,208,33299,-1,20.7421,42.481594,1000,2,1,1530180930,1530181049,0
GSM,212,1,208,23299,-1,20.717474,42.461843,3119,6,1,1530180930,1530376178,0
GSM,212,1,208,33209,-1,20.7421,42.481594,1000,2,1,1530180930,1530181049,0
GSM,212,1,208,23209,-1,20.7421,42.481594,1000,2,1,1530180930,1530181049,0
GSM,212,1,208,33309,-1,20.741358,42.48045,1000,1,1,1530181049,1530181049,0
GSM,212,1,107,40615,-1,20.700479,42.448886,1000,69,1,1530181439,1530496567,0
GSM,212,1,208,32909,-1,20.700416,42.448904,2400,89,1,1530181439,1530496567,0
GSM,212,1,208,12909,-1,20.700327,42.448929,2405,42,1,1530181439,1530496316,0
GSM,212,1,208,35709,-1,20.69953,42.448468,1000,22,1,1530181439,1530496316,0
GSM,212,1,208,33109,-1,20.698536,42.448116,1000,26,1,1530181439,1530496178,0
GSM,212,1,208,23309,-1,20.700074,42.448945,2413,37,1,1530181562,1530496567,0
GSM,212,1,208,20809,-1,20.698622,42.448917,1000,1,1,1530181568,1530181568,0
GSM,212,1,208,22909,-1,20.700231,42.448648,1431,48,1,1530181842,1530496316,0
GSM,212,1,208,23109,-1,20.6988,42.44807,1000,6,1,1530182046,1530459902,0
GSM,212,1,208,33509,-1,20.701125,42.450109,2278,8,1,1530182348,1530376613,0
GSM,212,1,107,40685,-1,20.703114,42.449448,1000,3,1,1530236495,1530346546,0
GSM,212,1,107,16315,-1,20.704481,42.449838,1000,19,1,1530237187,1530496316,0
GSM,212,1,107,26315,-1,20.704478,42.449834,1000,20,1,1530237187,1530496316,0
GSM,212,1,107,35315,-1,20.705596,42.450277,1000,10,1,1530237187,1530496316,0
GSM,212,1,208,35109,-1,20.700668,42.448882,1000,20,1,1530237187,1530464416,0
GSM,212,1,208,24809,-1,20.698272,42.448266,1000,2,1,1530239207,1530347233,0
GSM,212,1,106,27615,-1,20.715689,42.454605,1000,1,1,1530243149,1530243149,0
GSM,212,1,107,50615,-1,20.704506,42.449879,1000,1,1,1530250113,1530250113,0
GSM,212,1,208,24089,-1,20.699204,42.44848,1000,5,1,1530259746,1530431165,0
GSM,212,1,107,60215,-1,20.702677,42.449583,1000,7,1,1530264566,1530496178,0
GSM,212,1,205,10609,-1,20.724444,42.461155,1000,2,1,1530292493,1530376178,0
GSM,212,1,208,15816,-1,20.724489,42.461174,1000,1,1,1530292493,1530292493,0
GSM,212,1,208,24009,-1,20.698787,42.448879,1000,2,1,1530293021,1530448273,0
GSM,212,1,208,16016,-1,20.698763,42.448803,1000,1,1,1530352354,1530352354,0
GSM,212,1,208,33609,-1,20.7244,42.461136,1000,1,1,1530376178,1530376178,0
GSM,212,1,208,20409,-1,20.692308,42.448135,1000,1,1,1530448166,1530448166,0
GSM,212,1,107,16385,-1,20.704485,42.449738,1000,1,1,1530496185,1530496185,0
UMTS,212,10,12603,274455,249,7.400317,43.721369,1000,2,1,1526145071,1526145071,0
UMTS,212,1,15205,145175,0,20.507269,42.787502,1000,1,1,1533475054,1533475054,0
LTE,212,10,12603,17426,0,7.425049,43.740711,1000,1,1,1538991716,1538991716,0
LTE,212,10,12603,4059,0,7.425049,43.740711,1000,1,1,1538991744,1538991744,0
LTE,212,10,12603,3961,0,7.425049,43.740711,1000,1,1,1538991764,1538991764,0
LTE,212,10,12603,4060,0,7.423095,43.737179,1000,1,1,1538992827,1538992827,0
LTE,212,10,12603,17951,0,7.423095,43.737179,1000,1,1,1538992867,1538992867,0
LTE,212,10,12603,7886,0,7.427803,43.737835,1000,1,1,1538994026,1538994026,0
LTE,212,10,12603,4010,0,7.427803,43.737835,1000,1,1,1538994181,1538994181,0
LTE,212,10,12603,18078,0,7.42675,43.738132,1000,1,1,1538998203,1538998203,0
LTE,212,10,12603,17423,0,7.426983,43.738525,1000,1,1,1538999122,1538999122,0
LTE,212,10,12603,16065,0,7.426983,43.738525,1000,1,1,1538999149,1538999149,0
LTE,212,10,12603,16066,0,7.426983,43.738525,1000,1,1,1538999205,1538999205,0
LTE,212,10,12603,16021,0,7.427729,43.739182,1000,1,1,1538999466,1538999466,0
LTE,212,10,12603,17424,0,7.42762,43.738976,1000,1,1,1539004356,1539004356,0
LTE,212,10,12603,17425,0,7.42762,43.738976,1000,1,1,1539004362,1539004362,0
UMTS,212,10,12603,278956,0,7.427016,43.738152,1000,1,1,1539005081,1539005081,0
LTE,212,10,12603,18079,0,7.426739,43.738148,1000,1,1,1539012662,1539012662,0
LTE,212,10,12603,17949,0,7.425465,43.737755,1000,1,1,1539016014,1539016014,0
LTE,212,10,12603,18127,0,7.426348,43.738274,1000,1,1,1539017682,1539017682,0
LTE,212,10,12603,17953,0,7.426754,43.73819,1000,1,1,1539019282,1539019282,0
UMTS,212,10,12603,273285,0,7.426216,43.73757,1000,2,1,1539020887,1539035753,0
UMTS,212,10,12603,273265,0,7.42565,43.737015,1000,1,1,1539020955,1539020955,0
UMTS,212,10,12603,273687,0,7.426726,43.738173,1000,2,1,1539021164,1539035695,0
UMTS,212,10,12603,273657,0,7.426669,43.73822,1000,1,1,1539021179,1539021179,0
UMTS,212,10,12603,279178,0,7.426669,43.73822,1000,1,1,1539021195,1539021195,0
LTE,212,10,12603,16022,0,7.427526,43.73912,1000,1,1,1539022763,1539022763,0
LTE,212,10,12603,6110,0,7.426973,43.738518,1000,1,1,1539033514,1539033514,0
UMTS,212,10,12603,273305,0,7.426783,43.738125,1000,1,1,1539035765,1539035765,0
LTE,212,10,12603,3007,0,7.426798,43.738159,1000,1,1,1539036774,1539036774,0
LTE,212,10,12603,3008,0,7.426798,43.738159,1000,1,1,1539036779,1539036779,0
LTE,212,10,12603,14036,0,7.426798,43.738159,1000,1,1,1539036791,1539036791,0
LTE,212,10,12603,4292,0,7.426967,43.738503,1000,1,1,1539037027,1539037027,0
LTE,212,10,12603,3006,0,7.426976,43.73851,1000,1,1,1539074317,1539074317,0
LTE,212,10,12603,7099,0,7.427222,43.738605,1000,1,1,1539085011,1539085011,0
UMTS,212,10,12603,274896,0,7.428988,43.73951,1000,2,1,1547719679,1547941307,0
LTE,212,10,12603,7066,0,7.429062,43.739674,1000,1,1,1547719684,1547719684,0
UMTS,212,10,12603,279796,0,7.428466,43.741114,1000,2,1,1547723418,1548012697,0
UMTS,212,10,12603,278955,0,7.427417,43.738918,1000,1,1,1547723436,1547723436,0
LTE,212,10,12603,52003,0,7.427537,43.738628,1000,1,1,1547730048,1547730048,0
LTE,212,10,12603,2712,0,7.429592,43.739868,1000,1,1,1547774011,1547774011,0
UMTS,212,10,12603,274757,0,7.429688,43.73976,1000,2,1,1547774088,1547774735,0
UMTS,212,10,12603,274767,0,7.429784,43.739651,1000,1,1,1547775050,1547775050,0
LTE,212,10,12603,19689,0,7.427529,43.738693,1000,1,1,1547783781,1547783781,0
LTE,212,10,12603,6109,0,7.427461,43.738663,1000,1,1,1547808990,1547808990,0
UMTS,212,10,12603,279806,0,7.427459,43.738663,1000,1,1,1547814111,1547814111,0
LTE,212,10,12603,19633,0,7.427104,43.739277,1000,1,1,1547815115,1547815115,0
UMTS,212,10,12603,278376,0,7.427458,43.738663,1000,2,1,1547821960,1547862021,0
LTE,212,10,12603,19634,0,7.425082,43.742405,1000,1,1,1547823330,1547823330,0
UMTS,212,10,12603,279786,0,7.425082,43.742405,1000,1,1,1547823512,1547823512,0
UMTS,212,10,12603,279766,0,7.425082,43.742405,1000,1,1,1547823526,1547823526,0
LTE,212,10,12603,7704,0,7.427116,43.739388,1000,1,1,1547824745,1547824745,0
UMTS,212,10,12603,274898,0,7.428915,43.739346,1000,1,1,1547941120,1547941120,0
LTE,212,10,12603,19688,0,7.429693,43.740021,1000,1,1,1548075808,1548075808,0
UMTS,212,10,12603,279366,0,7.429693,43.740021,1000,1,1,1548076044,1548076044,0
LTE,212,10,12603,18601,0,7.429693,43.740021,1000,1,1,1548076095,1548076095,0
LTE,212,10,12603,18099,0,7.429693,43.740021,1000,1,1,1548076127,1548076127,0
LTE,212,10,12603,2743,0,7.429693,43.740021,1000,1,1,1548076159,1548076159,0
UMTS,212,10,12603,279205,0,7.429436,43.741528,1000,2,1,1548076280,1555277919,0
UMTS,212,10,12603,274857,0,7.429693,43.740021,1000,1,1,1548076312,1548076312,0
UMTS,212,1,15102,78835,0,21.467529,42.466885,1000,1,1,1550152059,1550152059,0
UMTS,212,1,15102,78834,0,21.467529,42.466885,1000,1,1,1550152267,1550152267,0
UMTS,212,1,15107,201950,0,20.740702,42.217663,1000,1,1,1551306390,1551306390,0
LTE,212,10,12603,19796,0,7.428229,43.740143,1000,1,1,1555211669,1555211669,0
LTE,212,10,12603,18658,0,7.431002,43.746838,1000,1,1,1555211735,1555211735,0
LTE,212,10,12603,23317,0,7.431002,43.746838,1000,1,1,1555211799,1555211799,0
LTE,212,10,12603,23584,0,7.431002,43.746838,1000,1,1,1555211866,1555211866,0
LTE,212,10,12603,23841,0,7.431002,43.746838,1000,1,1,1555211925,1555211925,0
UMTS,212,10,12603,281255,0,7.431865,43.750061,1000,2,1,1555211945,1555211959,0
UMTS,212,10,12603,279375,0,7.432729,43.753284,1000,1,1,1555212090,1555212090,0
UMTS,212,10,12603,275954,0,7.428288,43.739918,1000,1,1,1555274578,1555274578,0
LTE,212,10,12603,23574,0,7.429178,43.743034,1000,1,1,1555277909,1555277909,0
UMTS,212,1,15107,201859,0,20.793266,42.274021,1000,1,1,1556868446,1556868446,0
UMTS,212,1,15107,201800,0,20.793266,42.274021,1000,1,1,1556868448,1556868448,0
LTE,212,1,30300,2767361,0,21.176847,42.654289,1000,1,1,1559203007,1559203007,0
LTE,212,1,107,1386499,0,20.40852,42.370224,1000,1,1,1568312512,1568312512,0
LTE,212,1,107,1391618,0,20.423128,42.362789,1000,1,1,1568364013,1568364013,0
LTE,212,1,107,1386498,0,20.423128,42.362789,1000,1,1,1568364109,1568364109,0
